a<-1

b<-10000